24897571000309,01354546000103,746767
24897571000309,01354546000294,746848
21483615000196,01929665000309,846057
21483615000196,01929665000309,912008
21483615000196,01929665000309,775026
21483615000196,01929665000309,896092
21752738000428,21752738000185,848702
18871475000208,18871475000119,846327
01982481000140,18440367000191,848654
01982481000140,18440367000191,758003
01982481000140,18440367000191,727583
21752738000185,21752738000428,848668
21752738000185,21752738000428,848751
21752738000185,21752738000428,848792
11196295000130,11857762000125,848671
11196295000130,11857762000125,848712
11196295000130,11857762000125,913436
23647365000108,19525278000100,848685
21776529000171,19520270000151,848693
19525278000100,23647365000108,848729
03417494000100,08072145000100,856877
11260846000187,12432995000149,848805
09357478000148,14970050000106,856878
18210168000197,13668217000116,908820
18210168000197,13668217000116,907687
18210168000197,13668217000116,911547
18210168000197,13668217000116,869463
18210168000197,13668217000116,873162
18210168000197,13668217000116,934608
18210168000197,13668217000116,732717
18210168000197,13668217000116,789090
18210168000197,13668217000116,973508
18210168000197,13668217000116,943659
07394231000176,21817234000104,749191
07394231000176,03378970000113,749191
07394231000176,03378970000113,985568
21817234000104,03378970000113,749191
21817234000104,03378970000113,985568
49324221000104,06629745000109,749314
49324221000104,06629745000109,910065
49324221000104,06629745000109,975952
49324221000104,06629745000109,718423
49324221000104,06629745000109,869697
49324221000104,06629745000109,874421
49324221000104,06629745000109,922123
49324221000104,06629745000109,963388
49324221000104,06629745000109,831441
49324221000104,06629745000109,772799
49324221000104,06629745000109,773340
49324221000104,06629745000109,985644
49324221000104,06629745000109,725294
49324221000104,06629745000109,953004
49324221000104,06629745000109,886122
49324221000104,06629745000109,890465
49324221000104,06629745000109,771795
05750701000161,09620946000125,908721
21280420000149,07483162000177,909104
21280420000149,07483162000177,827677
07660130000108,04635192000163,913377
07660130000108,04635192000163,913491
06629745000109,49324221000104,909849
06629745000109,49324221000104,755631
06629745000109,49324221000104,918385
06629745000109,49324221000104,934942
06629745000109,49324221000104,779790
06629745000109,49324221000104,742196
06629745000109,49324221000104,815049
06629745000109,49324221000104,815871
06629745000109,49324221000104,888860
26326421000109,05968191000284,910009
04635192000163,07660130000108,913688
24616773000165,86368057000163,910701
86368057000163,24616773000165,910714
07815266000131,26321174000140,910827
07815266000131,26321174000140,910837
07815266000131,26321174000140,764564
07815266000131,26321174000140,764649
07815266000131,26321174000140,764659
26321174000140,07815266000131,910915
26321174000140,07815266000131,910930
26321174000140,07815266000131,910934
26321174000140,07815266000131,764507
26321174000140,07815266000131,764545
26321174000140,07815266000131,764546
26321174000140,07815266000131,764558
18052472000153,05639764000145,911177
18052472000153,05639764000145,911212
18052472000153,05639764000145,750513
25772120000138,17855375000136,749438
25772120000138,17855375000136,866167
25772120000138,17855375000136,831731
25772120000138,17855375000136,969598
25772120000138,17855375000136,739109
17766825000629,17766825000203,912125
17766825000629,17766825000203,912369
00067750000261,25567140000681,912261
17766825000203,17766825000629,912282
16695045000168,04272202000143,975370
01228185000159,10788428000102,975728
02858842000104,19961036000160,978666
02858842000104,19961036000160,719802
02858842000104,19961036000160,797660
02858842000104,19961036000160,851293
02858842000104,19961036000160,821120
14749549000198,07940707000127,976380
19994474000205,19994474000124,976610
16928871000100,16928871000614,976792
02203356000158,12929043000135,749751
02203356000158,12929043000135,749817
02203356000158,12929043000135,841247
02251332000174,03815963000131,751331
08546092000111,10568854000122,751489
08546092000111,10568854000122,751725
08546092000111,10568854000122,751813
05781473000197,41662677000172,751548
10568854000122,08546092000111,751635
05516628000168,04424758000108,752109
05516628000168,04424758000108,752160
05516628000168,04424758000108,752192
05516628000168,04424758000108,752218
00738238000119,00738238000380,752428
10826999000186,04290119000105,752498
10826999000186,04290119000105,752533
00836942000104,12579490000292,752976
00836942000104,12579490000292,718648
00836942000104,12579490000292,869705
00836942000104,12579490000292,874083
00836942000104,12579490000292,922942
00836942000104,12579490000292,829984
00836942000104,12579490000292,730130
00836942000104,12579490000292,826647
23437064000150,15392414000180,752983
20626417000171,21393507000122,754104
23353196000101,22575583000111,754352
23353196000101,22575583000111,754398
22575583000111,23353196000101,754370
22575583000111,23353196000101,853765
08488365000119,12932842000160,754722
22719843000185,04600294000143,754722
22719843000185,04600294000143,754773
22719843000185,04851699000154,754722
22719843000185,04851699000154,730332
04600294000143,04851699000154,754722
04600294000143,04851699000154,941155
04851699000154,23953466000107,754773
04851699000154,22719843000185,754773
04851699000154,22719843000185,860497
04851699000154,22719843000185,860542
04851699000154,22719843000185,941155
04851699000154,04600294000143,754773
04851699000154,04600294000143,755494
23953466000107,04600294000143,754773
23953466000107,03080995000136,754773
23953466000107,22719843000185,754773
12932842000160,08488365000119,754773
11395843000150,06280539000128,793243
11395843000150,06280539000128,793279
11395843000150,06280539000128,761448
00874929000140,16366888000110,755528
00874929000140,16366888000110,720249
00874929000140,16366888000110,801550
00874929000140,16366888000110,808229
00874929000140,16366888000110,860335
00874929000140,16366888000110,860519
00874929000140,16366888000110,874100
00874929000140,16366888000110,926172
00874929000140,16366888000110,932399
00874929000140,16366888000110,932361
00874929000140,16366888000110,932364
00874929000140,16366888000110,932365
00874929000140,16366888000110,932447
00874929000140,16366888000110,981661
00874929000140,16366888000110,983093
00874929000140,16366888000110,730410
00874929000140,16366888000110,784399
00874929000140,16366888000110,905417
00874929000140,16366888000110,969380
00874929000140,16366888000110,791108
00874929000140,16366888000110,745906
00874929000140,16366888000110,762537
00874929000140,16366888000110,762686
00874929000140,16366888000110,812705
00874929000140,16366888000110,882717
00874929000140,16366888000110,155619
00874929000140,16366888000110,825819
00874929000140,16366888000110,826664
16366888000110,00874929000140,755529
16366888000110,00874929000140,761002
16366888000110,00874929000140,761030
16366888000110,00874929000140,720169
16366888000110,00874929000140,720209
16366888000110,00874929000140,800966
16366888000110,00874929000140,801377
16366888000110,00874929000140,867614
16366888000110,00874929000140,867681
16366888000110,00874929000140,874088
16366888000110,00874929000140,933410
16366888000110,00874929000140,964489
16366888000110,00874929000140,731253
16366888000110,00874929000140,731301
16366888000110,00874929000140,789880
16366888000110,00874929000140,790963
16366888000110,00874929000140,790983
16366888000110,00874929000140,790984
16366888000110,00874929000140,793081
16366888000110,00874929000140,844226
16366888000110,00874929000140,844267
16366888000110,00874929000140,745486
16366888000110,00874929000140,809067
16366888000110,00874929000140,835955
16366888000110,00874929000140,877547
16366888000110,00874929000140,819817
16366888000110,00874929000140,825846
25214028000152,22266950000103,849769
02686360000114,07037632000179,758952
02686360000114,07037632000179,758781
67729178000491,67729178000220,978823
05533177000177,19103290000127,978826
05533177000177,19103290000127,978884
01929665000309,21483615000196,978832
01929665000309,21483615000196,867297
01929665000309,21483615000196,774966
10282328000100,20276514000181,978881
10282328000100,20276514000181,978882
10282328000100,20276514000181,978884
10282328000100,20276514000181,978906
09176186000109,38064515000128,978882
03947995000190,05009037000102,758022
05009037000102,03947995000190,758041
03285009000184,07137610000180,978893
18669729000110,07508373000117,978898
18669729000110,07508373000117,774958
18669729000110,07508373000117,969027
05464491000145,09308652000162,722164
05464491000145,09308652000162,721990
05464491000145,09308652000162,722097
36325157000215,36325157000134,849407
10681754000108,10688221000158,849975
10681754000108,10688221000158,850132
20496517000392,05120772000180,715445
71483929000167,17077702000176,979115
71483929000167,17077702000176,979122
71483929000167,17077702000176,979132
06155278000114,19157361000174,758769
06155278000114,19157361000174,778975
06155278000114,19157361000174,779104
06155278000114,19157361000174,779289
06155278000114,19157361000174,856944
17939349000277,17939349000196,913958
01744153000106,17192048000494,758799
07037632000179,02686360000114,758841
07037632000179,02686360000114,758889
45987062000177,45987062000681,913950
02234943000295,02234943001429,914244
18029074000116,18029074000388,717716
18029074000116,18029074000388,717767
14909613000150,09299577000110,717952
00836942000104,12580115000343,718648
12580115000343,12579490000292,718648
01245727000525,01245727000100,719648
01245727000100,01245727000525,719680
09380005000161,03065063000114,720345
02295694000248,02295694000167,720377
02295694000167,02295694000248,720397
00577773000135,09380005000161,720414
04193097000157,10322079000120,722170
04193097000157,10322079000120,722035
04193097000157,10322079000120,722109
09308652000162,05464491000145,722160
02272500000108,10322079000120,721990
02272500000108,04193097000157,721990
10322079000120,04193097000157,721990
10322079000120,04193097000157,722082
07485963000252,07485963000171,722474
07220538000150,09043438000121,722883
09043438000121,07220538000150,722979
13226892000195,08026075000153,979352
13226892000195,08026075000153,853260
06036612000110,23762552000302,979466
17027418000195,17027418000942,724701
11316363000157,01037626000135,759653
11316363000157,01037626000135,759689
11316363000157,01037626000135,759749
13668217000116,18210168000197,759770
13668217000116,18210168000197,864405
13668217000116,18210168000197,871717
13668217000116,18210168000197,733716
13668217000116,18210168000197,779159
13668217000116,18210168000197,972652
13668217000116,18210168000197,856969
13668217000116,18210168000197,744857
13668217000116,18210168000197,985641
13668217000116,18210168000197,884428
09283969000191,11917516000111,759812
10238783000108,17877227000112,760483
15107265000160,11395843000150,761307
15107265000160,11395843000150,900409
06280539000128,11395843000150,761403
06280539000128,11395843000150,900409
06280539000128,11395843000150,900467
12576098000109,09408863000177,793941
12576098000109,09408863000177,923420
12576098000109,09408863000177,777600
12576098000109,09408863000177,778113
08598911000174,13630573000140,795075
08598911000174,13630573000140,953569
18440367000191,01982481000140,850911
18440367000191,01982481000140,902030
18440367000191,01982481000140,956487
01466091002161,01466091002323,851178
19795533000135,04111956000111,796274
19795533000135,04111956000111,923419
23647365000108,47003579000100,796791
23647365000108,47003579000100,797013
23647365000108,47003579000100,938095
23647365000108,47003579000100,732392
23647365000108,47003579000100,732554
23647365000108,47003579000100,732766
23647365000108,19525278000372,796791
23647365000108,19525278000372,797013
23647365000108,19525278000372,840298
47003579000100,19525278000372,796791
47003579000100,19525278000372,797013
02460736000178,18269125000187,796949
02460736000178,18269125000187,796958
02460736000178,18269125000187,854314
02460736000178,18269125000187,830375
02460736000178,18269125000187,831170
02460736000178,18269125000187,785155
02460736000178,18269125000187,736977
02460736000178,18269125000187,952602
02460736000178,18269125000187,959498
84684455007176,84684455006951,797038
08888040000980,08888040000123,851233
24546522000151,08331850000184,851273
22677264000117,07700579000144,798121
22677264000117,07700579000144,922293
22677264000117,07700579000144,721436
19888650000143,01949381000112,798380
09532089000101,21042015000354,798885
66438466000181,38695557000167,798950
66438466000181,38695557000167,798971
66438466000181,38695557000167,799061
03250598000165,04632983000130,799099
03250598000165,04632983000130,799222
38695557000167,66438466000181,799176
02585687000108,02896840000100,799658
07019009000193,10709067000153,800357
17036666000283,17036666000100,801111
18679316000206,18679316000117,801278
18679316000206,18679316000117,768338
18266930000157,04413005000105,802206
18266930000157,04413005000105,781915
63736714000182,58295213001816,802283
63736714000182,58295213001816,782864
05820332000136,19329504000188,804146
05820332000136,19329504000188,963403
24863560000138,07198998000120,804203
07111286000121,21525477000160,804852
07588730000102,08245260000139,805790
19961036000160,04654861000144,806235
19961036000160,04654861000144,737372
06073848000127,09053134000145,806307
31673254000790,31673254000102,806308
64440555000218,64440555000137,806662
64440555000218,64440555000137,806663
05835916000185,71208516000174,807714
05835916000185,71208516000174,840063
05835916000185,71208516000174,840064
05835916000185,71208516000174,840065
05835916000185,71208516000174,840067
05835916000185,71208516000174,840068
05835916000185,71208516000174,840072
05835916000185,71208516000174,840073
05835916000185,71208516000174,839534
05835916000185,71208516000174,839535
05835916000185,71208516000174,839537
05835916000185,71208516000174,839538
05835916000185,71208516000174,839541
05835916000185,71208516000174,839544
05835916000185,71208516000174,839556
05835916000185,71208516000174,973611
05835916000185,71208516000174,944076
11449499000135,03631765000118,808071
11449499000135,03631765000118,808221
02389373000121,04919875000142,915307
02389373000121,04919875000142,877000
02389373000121,04919875000142,877400
09053134000226,06073848000127,984434
09053134000226,06073848000127,984924
09053134000226,06073848000127,952168
09053134000226,06073848000127,952432
09053134000226,06073848000127,952538
09053134000226,06073848000127,766327
15145442000101,03002290000109,853064
10493969000103,07316691000186,853115
11033888000185,07105561000102,853294
25567140000762,25567140000681,854119
25567140000762,25567140000681,895976
17881480000140,07521133000152,854529
17321137000140,00419760000138,854630
19525278000100,47003579000100,855461
47003579000100,23647365000108,855765
17037334000485,19446244000120,856281
00809306000193,41718685000193,856661
48624175000104,14244832000168,857589
08740036000202,08740036000113,858192
08740036000202,08740036000113,858295
00029372000655,00029372000221,858942
00029372000655,00029372000221,858943
71208516000174,05835916000185,859286
71208516000174,05835916000185,840062
71208516000174,05835916000185,840066
71208516000174,05835916000185,840069
71208516000174,05835916000185,840070
71208516000174,05835916000185,840071
71208516000174,05835916000185,840074
71208516000174,05835916000185,839533
71208516000174,05835916000185,839536
71208516000174,05835916000185,839539
71208516000174,05835916000185,839540
71208516000174,05835916000185,839542
71208516000174,05835916000185,839543
71208516000174,05835916000185,943621
71208516000174,05835916000185,944658
71208516000174,05835916000185,948259
15135390000184,86405396000172,861199
15135390000184,86405396000172,924704
10596600000118,11283948000118,860240
10899734000108,10197494000108,860497
10899734000108,10197494000108,770747
42955476000126,21045091000151,860730
04582480000105,17405622000100,861333
04582480000105,17405622000100,742900
06133518000180,20711057000106,862146
07289544000164,17470499000101,863963
21458610000103,81706251000198,863640
21458610000103,81706251000198,981178
05007965000120,02363611000120,864200
05007965000120,02363611000120,864524
11925969000190,03660102000121,864290
11925969000190,03660102000121,864418
08338200000160,20297455000128,864296
02363611000120,05007965000120,864380
09635181000105,03955611000181,864402
05508626000127,20139416000100,865925
20139416000100,05508626000127,866001
05304733000133,14451636000164,869268
05304733000133,14451636000164,869255
05304733000133,14451636000164,869433
05304733000133,14451636000164,869494
05304733000133,14451636000164,869232
05304733000133,14451636000164,869422
15392414000180,23437064000150,867550
16951188000193,14441895000104,868961
12212290000116,09225076000190,869584
12212290000116,09225076000190,869647
12212290000116,09225076000190,869843
09225076000190,12212290000116,869637
09225076000190,12212290000116,869688
15040200000145,06105551000104,871571
15040200000145,06105551000104,950765
17658668000123,02904424000106,871759
02303541000114,01053369000125,871860
17877227000112,10238783000108,872054
04302534000123,66438466000181,874297
04302534000123,66438466000181,874348
00098809000106,17300096000106,916444
17327107000141,17327107000222,917335
07306147000153,07904276000143,917595
00836942000104,10438157000157,917908
10451713000125,17095753000120,918822
11888073000188,04222408000169,919496
16579237000109,14099186000192,921594
14099186000192,16579237000109,921638
14099186000192,16579237000109,921725
14099186000192,16579237000109,921682
17192048000141,17192048000222,921711
17192048000303,17192048000141,921751
17192048000303,17192048000141,788152
24871949000206,24871949000125,921849
07748804000112,12515512000170,922854
07748804000112,12515512000170,968181
07748804000112,12515512000170,745474
07748804000112,12515512000170,887602
07904276000143,07306147000153,923699
02224511000112,20282265000137,979920
26078595000191,11593940000158,928769
11593940000158,26078595000191,928841
11593940000158,26078595000191,735663
04830190000125,23940109000104,929346
18551507000107,18552505000124,930858
15195632000125,64306913000113,931441
15195632000125,64306913000113,772316
02555374000107,10606545000108,937318
03370119000144,02829842000186,934270
16850359000198,00684182000167,980216
16975724000190,02277139000102,935806
10606545000108,02555374000107,937338
10606545000108,02555374000107,937344
10606545000108,02555374000107,937353
03343330000178,09581236000133,937349
15781331000183,09116630000109,980445
15781331000183,09116630000109,980463
07121806000187,02555374000107,937392
71084305000177,71511158000174,938072
71084305000177,71511158000174,966390
71084305000177,71511158000174,790001
05334499000197,10294104000100,980745
05334499000197,10294104000100,898101
05334499000197,10294104000100,898201
65104762000183,03821415000114,981046
19936557000167,06073848000127,981159
19936557000167,06073848000127,947613
24296646000126,24419569000154,981916
10962750000106,23961667000156,982291
23961667000156,10962750000106,982322
17939349000196,17939349000277,983135
07374284000125,04762831000151,984417
08880595000129,04454873000125,983980
03025429000121,03779298000178,985246
01053369000125,02303541000114,827120
42785345000148,00388550000120,897460
42785345000148,00388550000120,985703
02041460000193,33000118000179,897490
10510128000230,10510128000159,827509
10510128000230,10510128000159,827554
21804120000111,21804120000545,962013
21804120000111,21804120000383,962013
21804120000545,21804120000383,962013
71189278000105,71189278000520,962116
67729178000149,67729178000491,897666
06140504000274,02321483000151,962717
07643548000107,09483720000120,827772
07643548000107,09483720000120,827838
07643548000107,09483720000120,827894
03791171000174,03791171000255,897771
14830396000109,07414120000184,897795
03791171000255,03791171000174,897822
09483720000120,07643548000107,827935
06277268000151,03209283000174,828377
08601980000190,01735407000120,853686
08601980000190,01735407000120,853690
19961036000160,02858842000104,828681
28672087007507,28672087000162,862426
28672087007507,28672087000162,878557
28672087007507,28672087000162,878601
04606368000159,09196982000103,829228
04606368000159,09196982000103,829231
19485623000120,10641500000166,830533
09367180000119,02143367000190,830636
09367180000119,02143367000190,830852
09367180000119,09277251000192,830636
02143367000190,09277251000192,830636
23244166000159,17426228000140,831808
23624431000205,19588391000488,831808
02701263000234,26341602000104,858276
02701263000234,26341602000104,858034
32289829000142,13258431000102,833621
06280539000128,15107265000160,900409
10905378000198,07620907000100,900813
26949204000167,19728727000118,729512
09408863000177,12576098000109,834256
09408863000177,12576098000109,777635
09408863000177,12576098000109,777672
09408863000177,12576098000109,765240
13045652000194,23038796000177,789136
01378407000110,01356570000181,965418
07004048000117,01541266000104,772649
18114595000171,00443322000105,772656
18114595000171,00443322000105,772740
01568455000332,01568455000170,901076
64373368000188,64373368000269,772745
00443322000105,18114595000171,772815
64373368000269,64373368000188,772835
19803975000186,17350361000160,835019
19803975000186,17350361000160,835053
19803975000186,17350361000160,835122
17350361000160,19803975000186,835079
01799657000123,13150466000115,772982
07920529000172,20193865000129,729902
23407794000108,86451358000156,835215
23407794000108,86451358000156,835245
23407794000108,86451358000156,835258
23407794000108,86451358000156,835259
86451358000156,23407794000108,835220
86451358000156,23407794000108,835222
86451358000156,23407794000108,835253
10600312000190,01133225000189,966051
10600312000190,01133225000189,730567
10600312000190,01133225000189,939896
01133225000189,25646514000220,966051
07352299000192,22538375000142,773161
23681312000103,15799068000150,799077
08699234000180,22206004000163,901520
01083568000186,64429400000108,901773
65289613000136,86544996000111,773284
65289613000136,86544996000111,733037
26921908000121,26921908000202,901950
26921908000121,26921908000202,902019
26921908000121,26921908000202,856811
26921908000121,26921908000202,761702
26921908000121,26921908000202,952387
42893222000120,08802723000116,966701
42893222000120,08802723000116,880792
42893222000120,08802723000116,880934
42893222000120,08802723000116,882109
42893222000120,08802723000116,768022
42893222000120,08802723000116,889944
44734671000402,44734671000151,901983
22719843000185,01509731000120,730332
00711356000133,05058703000194,730531
00711356000133,05058703000194,730563
00711356000133,05058703000194,730638
25646514000220,01133225000189,730567
21013054000161,01133225000189,730567
21013054000161,11203475000100,730567
01133225000189,11203475000100,730567
41920257000491,03919999000165,731682
21717251000242,21717251000161,731716
05093900000144,22303531000196,732274
04307650000135,06081203000136,732275
04307650000135,06081203000136,774071
20874277000231,20874277000665,732385
22303531000196,05093900000144,732465
20874277000665,20874277000231,732547
21804120000383,21804120000545,732547
21804120000383,21804120000545,732700
21804120000383,21804120000545,732792
21804120000383,21804120000545,732845
21804120000383,21804120000545,732406
21804120000383,21804120000545,732572
10920266000106,04802106000160,732686
18913529000161,05499944000179,733558
71424246000139,17224171000105,736806
71424246000139,17224171000105,737016
13076992000182,03669035000106,836707
13076992000182,03669035000106,836731
07989229000140,03245703000178,836734
03669035000106,13076992000182,836751
03669035000106,13076992000182,836777
36325157000134,36325157000215,837325
08353199000143,02491874000114,837386
08353199000143,02491874000114,837449
03746398000289,05266324000351,735001
17756002000370,18519685000142,735031
02783664000108,11052709000157,773579
14721695000105,19221018000141,773677
97468250000192,10588186000103,773916
72563158000180,01107391000100,774074
16502551000193,25898180000100,774105
17224171000105,71424246000139,774184
17224171000105,21543798000198,774184
71424246000139,21543798000198,774184
00676679000133,07562743000102,774209
03390388000172,22787055000126,774947
03390388000172,22787055000126,774990
07508373000117,18669729000110,774964
07508373000117,18669729000110,969017
07508373000117,18669729000110,822368
01929665000147,01929665000309,774966
01929665000147,21483615000196,774966
22787055000126,03390388000172,774968
03269296000139,15228157000146,775502
56227994000138,52099983000169,775925
19329504000188,05820332000136,776129
07833214000198,01509731000120,776342
05194502000114,42900852000185,776452
42900852000185,05194502000114,776456
42900852000185,05194502000114,776471
01563351000254,01563351000173,776916
19588391000135,19588391000488,777237
13400438000109,01404373000190,902947
19388008000103,18768796000192,777847
20515556000128,04047735000121,778253
20515556000128,04047735000121,816235
19157361000174,06155278000114,778719
19157361000174,06155278000114,778943
12579490000292,00836942000104,779165
12579490000292,00836942000104,961252
05351543000177,32305500000128,801699
19446244000120,17037334000566,780183
11917674000171,05333043000102,903416
11917674000171,05333043000102,903454
11917674000171,05333043000102,903470
11917674000171,05333043000102,903488
11917674000171,05333043000102,903521
10210073000161,03925139000134,783327
14165863000123,06244732000103,783467
86423753000125,03900553000199,784088
86423753000125,03900553000199,784201
17855375000136,25772120000138,784678
17855375000136,25772120000138,883272
02962068000187,10519768000120,784711
02962068000187,10519768000120,812334
02962068000187,10519768000120,957588
11300320000183,01539549000111,859304
03960712000140,09130024000130,786050
03960712000140,09130024000130,786191
09130024000130,03960712000140,786252
04526954000193,66342833000149,786601
07332350000102,18411844000190,786607
12187694000369,12187694000105,786909
12187694000369,12187694000105,786932
10680527000168,18070048000131,786912
03173334000155,13431621000171,786940
03173334000155,13431621000171,787058
12187694000105,12187694000369,786948
12187694000105,12187694000369,786957
12187694000105,12187694000369,786990
12187694000105,12187694000369,787050
13431621000171,03173334000155,786988
08802723000116,42893222000120,787281
08802723000116,42893222000120,966722
08802723000116,42893222000120,967260
08802723000116,42893222000120,890264
04372089000259,10329304000150,904148
86582863000130,08241628000190,904182
17104399000153,08241628000190,904182
19899651000193,23789059000106,920016
07398148000175,04142323000170,904677
05370299000190,05370299000270,905299
03065063000114,09380005000161,870018
01925360000167,10943369000191,966978
01925360000167,10943369000191,967127
10943369000191,01925360000167,967032
10943369000191,01925360000167,967140
42822858000181,10495154000155,838953
00491870000100,03102926000186,839028
00491870000100,03102926000186,839068
07369814000147,02089246000107,967610
07369814000147,02089246000107,967659
07369814000147,02089246000107,967801
02089246000107,07369814000147,967802
10251397000148,42932715000122,839334
10251397000148,42932715000122,839335
10251397000148,42932715000122,839336
10251397000148,42932715000122,839337
10251397000148,42932715000122,839338
10251397000148,42932715000122,839339
10251397000148,42932715000122,839340
10251397000148,42932715000122,839341
10251397000148,42932715000122,839342
10251397000148,42932715000122,839343
04542941000108,02496576000117,969022
02496576000117,04542941000108,969038
20766316000104,11430465000107,969665
20766316000104,11430465000107,969773
20766316000104,11430465000107,969841
02443611000130,21466388000190,919171
02443611000130,21466388000190,756397
22460323000109,07155661000135,971933
22460323000109,07155661000135,946879
04389531000179,16802563000133,790812
02603418000208,05452133000112,841575
03821415000114,65104762000183,737167
03821415000114,65104762000183,737202
03821415000114,65104762000183,972491
58344359000166,61374161000130,737250
76535764000143,33000118000179,737276
10588186000103,97468250000192,737282
02608774000125,04664638000188,916680
02608774000125,04664638000188,916641
17192048000222,17192048000141,841004
21789326000110,11165514000113,791453
22144375000168,15062735000117,907095
11165514000113,21789326000110,791488
11165514000113,21789326000110,791529
11165514000113,21789326000110,791574
18593087000113,18159194000138,841339
18159194000138,18593087000113,841382
18159194000138,18593087000113,841523
35820448000136,35820448013700,972677
05423963000111,33000118000179,973094
20821150000173,03011712000102,792621
20821150000173,03011712000102,941212
55979736000145,48015119000164,842345
55979736000145,48015119000164,766124
55979736000145,48015119000164,958508
26921908000555,26921908000202,842380
15400712000175,11485445000125,792800
00435409000130,01437362000107,973602
04622116000113,05835916000185,973611
04622116000113,71208516000174,973611
04406717000199,04406717000270,756387
94516671000234,94516671000153,842588
94516671000234,94516671000153,842589
26921908000202,26921908000121,842644
06073848000127,09053134000226,842684
06073848000127,09053134000226,947613
06073848000127,09053134000226,766047
06073848000127,09053134000226,766048
06073848000127,09053134000226,766269
03660102000121,11925969000190,907177
15626947000180,22951216000175,843127
19478320000180,17719444000184,739678
19478320000180,17719444000184,739968
17719444000184,19478320000180,739807
17719444000184,19478320000180,740118
17719444000184,17719444000346,740118
19478320000180,17719444000346,740118
04702118000384,41716499001006,848795
00385408000129,00390702000129,741450
23034174000251,00974660000173,741505
00974660000173,23034174000251,741571
25567140000681,00067750000261,742011
21581459000104,03728881000150,742185
03728881000150,21581459000104,742218
18160622000142,05260938000164,743928
05260938000164,18160622000142,743954
03768632000198,05164426000102,744823
07569360000158,03886930000182,744958
17110310000161,19875442000100,756768
18023366000141,09650705000129,756773
61074175000138,54484753000149,745913
21817234000104,16505190000210,985568
21817234000104,07394231000176,985568
16505190000210,07394231000176,985568
16505190000210,03378970000113,985568
16505190000210,03378970000113,985621
25567140000509,25567140000762,809817
42785345000148,14150662000152,985703
14150662000152,00388550000120,985703
08183359000153,08183359000315,761691
07100135000178,00751947000134,938536
19817766000353,19817766000191,938562
12420164000319,12420164000157,953320
12420164000319,12420164000157,953158
12420164000319,12420164000157,876321
19910600000115,42864363000115,938657
11675056000162,22403976000148,875264
11675056000162,22403976000148,875282
11675056000162,22403976000148,875297
11675056000162,22403976000148,875334
22403976000148,11675056000162,875267
22403976000148,11675056000162,875390
26183715000110,26183715000382,951463
81706251000198,21458610000103,761863
08731530000111,04406461000110,875508
08731530000111,04406461000110,875596
08731530000111,04406461000110,875698
08731530000111,04406461000110,875787
20875464000159,09080759000104,875568
09370196000180,14174715000175,875626
08830900000178,14087361000121,875660
14174715000175,09370196000180,875794
14190675000236,14190675000155,762182
04027894000164,04027894000326,762204
04027894000164,04027894000326,944923
04027894000164,04027894000326,948342
02814497000298,02814497000700,762204
00751947000134,07100135000178,938920
00751947000134,07100135000178,938997
19817766000191,19817766000353,938949
19817766000191,19817766000353,939035
61198164000321,61198164000160,762291
01354546000103,24897571000139,808923
01354546000103,24897571000139,808933
24897571000139,01354546000103,809021
14063229000180,03475216000100,882845
11519500000150,17336390000178,939342
10726349000169,17880977000143,809319
08488365000119,21661111000119,809319
08488365000119,21661111000119,809439
01133225000189,08488365000119,809439
01133225000189,21661111000119,809439
17880977000143,10726349000169,809439
17880977000143,10726349000169,809553
17880977000143,10726349000169,809665
04109169000135,10666954000191,950716
48174874000191,59016998000165,809553
48174874000191,07777720000107,809553
59016998000165,07777720000107,809553
01509731000120,12980050000161,809665
01509731000120,07833214000198,809665
01509731000120,25650482000156,809665
12980050000161,07833214000198,809665
12980050000161,25650482000156,809665
07833214000198,25650482000156,809665
17880977000143,26544608000170,809665
26544608000170,10726349000169,809665
40175705000164,05075964000112,953425
40175705000164,05075964000112,952113
40175705000164,05075964000112,952862
13253884000138,13929982000142,725325
12420164000157,12420164000319,876330
12420164000157,12420164000319,876370
12420164000157,12420164000319,948555
12420164000157,12420164000319,952879
01133225000189,21013054000161,939896
23961832000170,20794996000161,833916
14243700000111,14243516000171,810339
21203436000158,07195814000178,810399
02540779000325,02540779000163,810409
08740036000113,08740036000202,858012
08740036000113,08740036000202,858065
08235663000105,03744904000110,940861
06540805000104,65134454000109,807167
06540805000104,65134454000109,807169
06540805000104,65134454000109,727460
65134454000109,06540805000104,807168
03744904000110,08235663000105,941048
86405396000172,15135390000184,924733
04600294000143,22719843000185,941155
25332743000190,19571361000116,941886
05075964000112,40175705000164,953191
08888040000123,08888040000980,873660
17343171000116,17316566000120,942708
64209810000135,64209810000216,763363
19589495000164,01168626000174,811824
31673254000102,31673254000790,952113
31673254000102,31673254000790,952268
24478341000135,27829102000170,726039
71145668000175,13929982000142,726067
11934594000124,21934551000100,812523
27822759000106,06138468000123,726113
21743265000150,21743265000583,764075
14771446000124,19525278000372,949335
14246369000193,65284291000132,812701
14246369000193,65284291000132,812729
02904424000106,17658668000123,871689
65284291000132,14246369000193,812761
71094205000121,07483513000140,764276
07483513000140,71094205000121,764295
07483513000140,71094205000121,764315
07483513000140,71094205000121,961181
07483513000140,71094205000121,961202
07483513000140,71094205000121,961249
02603418000208,16915048000160,812909
13074749000125,41902610000168,880281
08366420000106,18695016000121,949371
12274503000134,25338385000122,764820
25567140000681,25567140000762,917712
03638381000127,06867357000158,880852
52202744000192,26677851000167,945247
02136051000170,20277752000101,765011
07470828000152,22199772000137,726781
23866426000128,10807173000170,945290
17155342000345,17155342000183,945329
12063548000160,19014794000170,794980
22199772000137,07470828000152,726829
03873951000244,03873951000163,765119
03873951000244,03873951000163,765250
03873951000244,03873951000163,765311
03873951000163,03873951000244,765171
19334622000184,24104615000126,885372
19334622000184,24104615000126,885382
19334622000184,24104615000126,885441
10495228000153,10576690000185,814062
10495228000153,10576690000185,814079
10495228000153,10576690000185,814166
01722595000151,02213688000113,814076
17988161000138,10495228000153,814166
17988161000138,10576690000185,814166
31673254001095,31673254000790,952577
10769482000100,22873613000176,814341
04557755000304,04557755000223,814343
06166353000142,20848371000135,814380
06166353000142,03407691000300,814380
43217280000105,62396296000169,814804
21743265000400,21743265000583,765593
19324490000100,03327733000123,815350
19324490000100,03327733000123,815466
03327733000123,19324490000100,815391
11315529000110,23865744000174,882911
16740086000129,18271866000100,918725
02933193000169,08420079000111,946535
19525278000100,19525278000372,853053
12929043000135,02203356000158,946629
12929043000135,02203356000158,947535
12929043000135,02203356000158,947801
12929043000135,02203356000158,948531
12929043000135,02203356000158,948777
08162032000103,08162032002068,947191
06081203000136,04307650000135,947613
19936557000167,09053134000226,947613
60397874000156,47636014000160,947959
44734671000151,44734671000402,952763
08162032002068,08162032000103,948255
08420079000111,02933193000169,948275
45987062000681,45987062000177,913998
21013054000161,19063728000190,952914
25834847000283,25834847000364,949640
23360253000171,02648739000130,727872
18295299000114,09169428000137,883597
21062371000178,05746657000116,728119
15629893000106,02018303000167,766543
08517373000146,17318757000120,953039
50734102000109,02702957000105,817303
10495154000155,07516896000105,817580
07516896000105,10495154000155,817640
07516896000105,10495154000155,817707
49475833001684,49475833000106,953205
10495154000155,42822858000181,817707
02060549000105,26921908000202,817805
17836461000363,17836461000100,819991
17225202000134,17225202000215,833816
18679316000117,18679316000206,768304
19302579000175,08968320000141,768317
08968320000141,04465003000151,768317
08640297000161,08538628000157,887754
17815826000101,14090191000134,888147
00444990000157,04272725000190,155611
19280772000152,10248952000182,820378
03522446000174,19803923000100,865593
03522446000174,19803923000100,865624
03815963000131,02251332000174,889166
00388550000120,14150662000152,889682
23946916000134,05594006000158,981556
07620907000100,10905378000198,890276
19525278000372,23647365000108,890483
22104604000110,07789153000109,955053
14771446000124,23647365000108,770390
14771446000124,23647365000108,770288
22235531000104,13138905000174,981574
49475833000106,49475833001250,955903
14150662000152,42785345000148,956203
09265033000138,09666624000117,768886
19268374000110,19268374000544,769380
02736688000106,02736688000289,832471
14502966000131,26014795000180,956993
06013589000149,10642633000157,770310
06013589000149,10642633000157,770365
06013589000149,10642633000157,770437
10197494000108,10899734000108,770407
01133225000189,25646514000140,770407
01133225000189,08986188000109,770407
01133225000189,10600312000190,770407
01133225000189,10600312000190,770574
08986188000109,10600312000190,770407
11203475000100,01133225000189,770419
11203475000100,01133225000189,770574
08530023000110,14207339000178,821404
01929665000309,21483615000510,854082
19583558000175,10578941000160,891422
10906218000163,10906218000244,891451
10906218000244,10906218000163,891471
10906218000244,10906218000163,891493
10906218000244,10906218000163,891511
00863032000110,00309119000140,892124
26172037000190,05082446000126,822156
00309119000140,00863032000110,892276
07700579000144,22677264000117,822767
08217254000178,16742041000193,823441
05367899000107,71106157000144,892962
04869661000109,13169186000159,893775
27028240000150,02682577000156,894063
08545316000170,27420969000178,894279
16740086000129,42785345000148,894412
14230984000101,19376730000110,894549
14230984000101,19376730000110,894620
09355359000156,11025894000190,894564
11025894000190,09355359000156,894586
17610403000236,17610403000155,959511
26120618000189,26120618000260,895278
66487836000170,13083306000109,927739
66487836000170,13083306000109,927784
13083306000109,66487836000170,927789
20277752000101,02136051000170,927841
25567140000762,25567140001068,895938
00371677000136,08105851000100,895942
08105851000100,00371677000136,895974
05475966000107,13216302000143,896179
05475966000107,13216302000143,896226
02679549000180,22210991000170,960875
16527400000270,16527400000190,960886
07514572000138,20083986000118,960891
02817838002656,08821242000158,825940
02618172000159,10630958000110,900114
19342138000105,19342138000369,826797
19342138000105,19342138000369,826943
10328635000176,11405384000149,897392
67729178000149,67729178000220,897402
24333314000174,07828539000182,858787
